2a
Row name:
GM1+@2a
GM1-@2a
GM2+@2a
GM2-@2a
GM3+@2a&GM4+@2a
GM3-@2a&GM4-@2a
Column name:
GM1@4e
GM2@4e
GM3@4e&GM4@4e
GM1@8i
GM2@8i
GM1@16l
C matrix before Smith
  1  0  0  1  0  1
  1  0  0  0  1  1
  0  1  0  1  0  1
  0  1  0  0  1  1
  0  0  1  0  1  1
  0  0  1  1  0  1
C matrix after Smith
  1  0  0  0  0  0
  0  1  0  0  0  0
  0  0  1  0  0  0
  0  0  0  1  0  0
  0  0  0  0  0  0
  0  0  0  0  0  0
L matrix
  1  0  0  0  0  0
 -1  1  0  0  0  0
  0  0  1  0  0  0
  1 -1  0  0  1  0
 -1  1  0  0 -1  1
  1 -1 -1  1  0  0


2b
Row name:
GM1+@2b
GM1-@2b
GM2+@2b
GM2-@2b
GM3+@2b&GM4+@2b
GM3-@2b&GM4-@2b
Column name:
GM1@4e
GM2@4e
GM3@4e&GM4@4e
GM1@8j
GM2@8j
GM1@16l
C matrix before Smith
  1  0  0  1  0  1
  1  0  0  0  1  1
  0  1  0  1  0  1
  0  1  0  0  1  1
  0  0  1  0  1  1
  0  0  1  1  0  1
C matrix after Smith
  1  0  0  0  0  0
  0  1  0  0  0  0
  0  0  1  0  0  0
  0  0  0  1  0  0
  0  0  0  0  0  0
  0  0  0  0  0  0
L matrix
  1  0  0  0  0  0
 -1  1  0  0  0  0
  0  0  1  0  0  0
  1 -1  0  0  1  0
 -1  1  0  0 -1  1
  1 -1 -1  1  0  0


2c
Row name:
GM1+@2c
GM1-@2c
GM2+@2c
GM2-@2c
GM3+@2c
GM3-@2c
GM4+@2c
GM4-@2c
Column name:
GM1@4f
GM2@4f
GM3@4f
GM3@4f
GM3@4f
GM3@4f
GM4@4f
GM4@4f
GM4@4f
GM4@4f
GM1@4h
GM1@4h
GM2@4h
GM2@4h
GM3@4h
GM3@4h
GM4@4h
GM4@4h
GM1@8j
GM1@8j
GM1@8j
GM2@8j
GM2@8j
GM2@8j
GM1@8k
GM1@8k
GM1@8k
GM1@8k
GM2@8k
GM2@8k
GM2@8k
GM2@8k
GM1@16l
GM1@16l
GM1@16l
GM1@16l
GM1@16l
GM1@16l
GM1@16l
GM1@16l
GM1@16l
C matrix before Smith
  1  0  0  0  0  0  0  0  0  0  1  1  0  0  0  0  0  0  1  1  1  0  0  0  1  1  1  1  0  0  0  0  1  1  1  1  1  1  1  1  1
  0  1  0  0  0  0  0  0  0  0  0  0  1  1  0  0  0  0  0  0  0  1  1  1  0  0  0  0  1  1  1  1  1  1  1  1  1  1  1  1  1
  0  1  0  0  0  0  0  0  0  0  0  0  0  0  0  0  1  1  1  1  1  0  0  0  0  0  0  0  1  1  1  1  1  1  1  1  1  1  1  1  1
  1  0  0  0  0  0  0  0  0  0  0  0  0  0  1  1  0  0  0  0  0  1  1  1  1  1  1  1  0  0  0  0  1  1  1  1  1  1  1  1  1
  0  0  0  1  0  1  0  1  0  1  0  0  0  1  0  1  0  0  0  0  0  0  2  1  0  1  0  1  0  1  0  1  0  1  2  1  2  2  1  0  0
  0  0  1  0  0  1  1  0  0  1  1  0  0  0  0  0  1  0  2  0  1  0  0  0  1  0  0  1  1  0  0  1  2  1  0  2  2  1  0  0  1
  0  0  1  0  1  0  1  0  1  0  0  0  1  0  1  0  0  0  0  0  0  2  0  1  1  0  1  0  1  0  1  0  2  1  0  1  0  0  1  2  2
  0  0  0  1  1  0  0  1  1  0  0  1  0  0  0  0  0  1  0  2  1  0  0  0  0  1  1  0  0  1  1  0  0  1  2  0  0  1  2  2  1
C matrix after Smith
  1  0  0  0  0  0  0  0  0  0  0  0  0  0  0  0  0  0  0  0  0  0  0  0  0  0  0  0  0  0  0  0  0  0  0  0  0  0  0  0  0
  0  1  0  0  0  0  0  0  0  0  0  0  0  0  0  0  0  0  0  0  0  0  0  0  0  0  0  0  0  0  0  0  0  0  0  0  0  0  0  0  0
  0  0  1  0  0  0  0  0  0  0  0  0  0  0  0  0  0  0  0  0  0  0  0  0  0  0  0  0  0  0  0  0  0  0  0  0  0  0  0  0  0
  0  0  0  1  0  0  0  0  0  0  0  0  0  0  0  0  0  0  0  0  0  0  0  0  0  0  0  0  0  0  0  0  0  0  0  0  0  0  0  0  0
  0  0  0  0  1  0  0  0  0  0  0  0  0  0  0  0  0  0  0  0  0  0  0  0  0  0  0  0  0  0  0  0  0  0  0  0  0  0  0  0  0
  0  0  0  0  0  1  0  0  0  0  0  0  0  0  0  0  0  0  0  0  0  0  0  0  0  0  0  0  0  0  0  0  0  0  0  0  0  0  0  0  0
  0  0  0  0  0  0  1  0  0  0  0  0  0  0  0  0  0  0  0  0  0  0  0  0  0  0  0  0  0  0  0  0  0  0  0  0  0  0  0  0  0
  0  0  0  0  0  0  0  0  0  0  0  0  0  0  0  0  0  0  0  0  0  0  0  0  0  0  0  0  0  0  0  0  0  0  0  0  0  0  0  0  0
L matrix
  1  0  0  0  0  0  0  0
  0  1  0  0  0  0  0  0
  0  1 -1  0  0  0  0  0
 -1 -1  1  1  0  0  0  0
  1  0  0 -1  1  0  0  0
  0  0  0  0  0  1  0  0
  0  0  0  0 -1 -1  1  0
 -1  1 -1  1 -1  1 -1  1


2d
Row name:
GM1+@2d
GM1-@2d
GM2+@2d
GM2-@2d
GM3+@2d
GM3-@2d
GM4+@2d
GM4-@2d
Column name:
GM1@4f
GM2@4f
GM3@4f
GM3@4f
GM3@4f
GM3@4f
GM4@4f
GM4@4f
GM4@4f
GM4@4f
GM1@4g
GM1@4g
GM2@4g
GM2@4g
GM3@4g
GM3@4g
GM4@4g
GM4@4g
GM1@8i
GM1@8i
GM1@8i
GM2@8i
GM2@8i
GM2@8i
GM1@8k
GM1@8k
GM1@8k
GM1@8k
GM2@8k
GM2@8k
GM2@8k
GM2@8k
GM1@16l
GM1@16l
GM1@16l
GM1@16l
GM1@16l
GM1@16l
GM1@16l
GM1@16l
GM1@16l
C matrix before Smith
  1  0  0  0  0  0  0  0  0  0  1  1  0  0  0  0  0  0  1  1  1  0  0  0  1  1  1  1  0  0  0  0  1  1  1  1  1  1  1  1  1
  0  1  0  0  0  0  0  0  0  0  0  0  1  1  0  0  0  0  0  0  0  1  1  1  0  0  0  0  1  1  1  1  1  1  1  1  1  1  1  1  1
  0  1  0  0  0  0  0  0  0  0  0  0  0  0  0  0  1  1  1  1  1  0  0  0  0  0  0  0  1  1  1  1  1  1  1  1  1  1  1  1  1
  1  0  0  0  0  0  0  0  0  0  0  0  0  0  1  1  0  0  0  0  0  1  1  1  1  1  1  1  0  0  0  0  1  1  1  1  1  1  1  1  1
  0  0  0  1  0  1  0  1  0  1  0  0  0  1  0  1  0  0  0  0  0  0  2  1  0  1  0  1  0  1  0  1  0  1  2  1  1  0  2  2  0
  0  0  1  0  0  1  1  0  0  1  1  0  0  0  0  0  1  0  2  0  1  0  0  0  1  0  0  1  1  0  0  1  2  0  1  2  1  0  0  2  1
  0  0  1  0  1  0  1  0  1  0  0  0  1  0  1  0  0  0  0  0  0  2  0  1  1  0  1  0  1  0  1  0  2  1  0  1  1  2  0  0  2
  0  0  0  1  1  0  0  1  1  0  0  1  0  0  0  0  0  1  0  2  1  0  0  0  0  1  1  0  0  1  1  0  0  2  1  0  1  2  2  0  1
C matrix after Smith
  1  0  0  0  0  0  0  0  0  0  0  0  0  0  0  0  0  0  0  0  0  0  0  0  0  0  0  0  0  0  0  0  0  0  0  0  0  0  0  0  0
  0  1  0  0  0  0  0  0  0  0  0  0  0  0  0  0  0  0  0  0  0  0  0  0  0  0  0  0  0  0  0  0  0  0  0  0  0  0  0  0  0
  0  0  1  0  0  0  0  0  0  0  0  0  0  0  0  0  0  0  0  0  0  0  0  0  0  0  0  0  0  0  0  0  0  0  0  0  0  0  0  0  0
  0  0  0  1  0  0  0  0  0  0  0  0  0  0  0  0  0  0  0  0  0  0  0  0  0  0  0  0  0  0  0  0  0  0  0  0  0  0  0  0  0
  0  0  0  0  1  0  0  0  0  0  0  0  0  0  0  0  0  0  0  0  0  0  0  0  0  0  0  0  0  0  0  0  0  0  0  0  0  0  0  0  0
  0  0  0  0  0  1  0  0  0  0  0  0  0  0  0  0  0  0  0  0  0  0  0  0  0  0  0  0  0  0  0  0  0  0  0  0  0  0  0  0  0
  0  0  0  0  0  0  1  0  0  0  0  0  0  0  0  0  0  0  0  0  0  0  0  0  0  0  0  0  0  0  0  0  0  0  0  0  0  0  0  0  0
  0  0  0  0  0  0  0  0  0  0  0  0  0  0  0  0  0  0  0  0  0  0  0  0  0  0  0  0  0  0  0  0  0  0  0  0  0  0  0  0  0
L matrix
  1  0  0  0  0  0  0  0
  0  1  0  0  0  0  0  0
  0  1 -1  0  0  0  0  0
 -1 -1  1  1  0  0  0  0
  1  0  0 -1  1  0  0  0
 -2  0  0  2 -2  1  0  0
  2  0  0 -2  1 -1  1  0
 -1  1 -1  1 -1  1 -1  1


END