2a
Row name:
GM1+@2a
GM1-@2a
GM2+@2a
GM2-@2a
GM3+@2a
GM3-@2a
GM4+@2a
GM4-@2a
GM5+@2a
GM5-@2a
Column name:
GM1@4e
GM2@4e
GM3@4e
GM4@4e
GM5@4e
GM1@8h
GM2@8h
GM3@8h
GM4@8h
GM1@8i
GM2@8i
GM3@8i
GM4@8i
GM1@16l
GM2@16l
GM1@16m
GM2@16m
GM1@16n
GM2@16n
GM1@32o
C matrix before Smith
  1  0  0  0  0  1  0  0  0  1  0  0  0  1  0  1  0  1  0  1
  0  0  0  1  0  0  1  0  0  0  1  0  0  0  1  0  1  0  1  1
  0  1  0  0  0  0  0  0  1  1  0  0  0  1  0  0  1  1  0  1
  0  0  1  0  0  0  0  1  0  0  1  0  0  0  1  1  0  0  1  1
  0  0  0  1  0  0  0  0  1  0  0  1  0  1  0  0  1  0  1  1
  1  0  0  0  0  0  0  1  0  0  0  0  1  0  1  1  0  1  0  1
  0  0  1  0  0  1  0  0  0  0  0  1  0  1  0  1  0  0  1  1
  0  1  0  0  0  0  1  0  0  0  0  0  1  0  1  0  1  1  0  1
  0  0  0  0  1  0  1  1  0  0  1  0  1  0  2  1  1  1  1  2
  0  0  0  0  1  1  0  0  1  1  0  1  0  2  0  1  1  1  1  2
C matrix after Smith
  1  0  0  0  0  0  0  0  0  0  0  0  0  0  0  0  0  0  0  0
  0  1  0  0  0  0  0  0  0  0  0  0  0  0  0  0  0  0  0  0
  0  0  1  0  0  0  0  0  0  0  0  0  0  0  0  0  0  0  0  0
  0  0  0  1  0  0  0  0  0  0  0  0  0  0  0  0  0  0  0  0
  0  0  0  0  1  0  0  0  0  0  0  0  0  0  0  0  0  0  0  0
  0  0  0  0  0  1  0  0  0  0  0  0  0  0  0  0  0  0  0  0
  0  0  0  0  0  0  1  0  0  0  0  0  0  0  0  0  0  0  0  0
  0  0  0  0  0  0  0  1  0  0  0  0  0  0  0  0  0  0  0  0
  0  0  0  0  0  0  0  0  0  0  0  0  0  0  0  0  0  0  0  0
  0  0  0  0  0  0  0  0  0  0  0  0  0  0  0  0  0  0  0  0
L matrix
  1  0  0  0  0  0  0  0  0  0
  1 -1  0  0  0  0  0  0  0  0
  0 -1  1  0  0  0  0  0  0  0
  0  1  0 -1  0  0  0  0  0  0
  0  1  0  0 -1  0  0  0  0  0
  1  1  0  0 -1 -1  0  0  0  0
 -1  0  0 -1  0  1  1  0  0  0
 -1  0  0  1  0  1  1  0 -1  0
 -1  1  0  0 -1  1  0  0 -1  1
  1 -1 -1  1  1 -1 -1  1  0  0


2b
Row name:
GM1+@2b
GM1-@2b
GM2+@2b
GM2-@2b
GM3+@2b
GM3-@2b
GM4+@2b
GM4-@2b
GM5+@2b
GM5-@2b
Column name:
GM1@4e
GM2@4e
GM3@4e
GM4@4e
GM5@4e
GM1@8h
GM2@8h
GM3@8h
GM4@8h
GM1@8j
GM2@8j
GM3@8j
GM4@8j
GM1@16l
GM2@16l
GM1@16m
GM2@16m
GM1@16n
GM2@16n
GM1@32o
C matrix before Smith
  1  0  0  0  0  1  0  0  0  1  0  0  0  1  0  1  0  1  0  1
  0  0  0  1  0  0  1  0  0  0  1  0  0  0  1  0  1  0  1  1
  0  1  0  0  0  0  0  0  1  1  0  0  0  1  0  0  1  1  0  1
  0  0  1  0  0  0  0  1  0  0  1  0  0  0  1  1  0  0  1  1
  0  0  0  1  0  0  0  0  1  0  0  1  0  1  0  0  1  0  1  1
  1  0  0  0  0  0  0  1  0  0  0  0  1  0  1  1  0  1  0  1
  0  0  1  0  0  1  0  0  0  0  0  1  0  1  0  1  0  0  1  1
  0  1  0  0  0  0  1  0  0  0  0  0  1  0  1  0  1  1  0  1
  0  0  0  0  1  0  1  1  0  0  1  0  1  0  2  1  1  1  1  2
  0  0  0  0  1  1  0  0  1  1  0  1  0  2  0  1  1  1  1  2
C matrix after Smith
  1  0  0  0  0  0  0  0  0  0  0  0  0  0  0  0  0  0  0  0
  0  1  0  0  0  0  0  0  0  0  0  0  0  0  0  0  0  0  0  0
  0  0  1  0  0  0  0  0  0  0  0  0  0  0  0  0  0  0  0  0
  0  0  0  1  0  0  0  0  0  0  0  0  0  0  0  0  0  0  0  0
  0  0  0  0  1  0  0  0  0  0  0  0  0  0  0  0  0  0  0  0
  0  0  0  0  0  1  0  0  0  0  0  0  0  0  0  0  0  0  0  0
  0  0  0  0  0  0  1  0  0  0  0  0  0  0  0  0  0  0  0  0
  0  0  0  0  0  0  0  1  0  0  0  0  0  0  0  0  0  0  0  0
  0  0  0  0  0  0  0  0  0  0  0  0  0  0  0  0  0  0  0  0
  0  0  0  0  0  0  0  0  0  0  0  0  0  0  0  0  0  0  0  0
L matrix
  1  0  0  0  0  0  0  0  0  0
  1 -1  0  0  0  0  0  0  0  0
  0 -1  1  0  0  0  0  0  0  0
  0  1  0 -1  0  0  0  0  0  0
  0  1  0  0 -1  0  0  0  0  0
  1  1  0  0 -1 -1  0  0  0  0
 -1  0  0 -1  0  1  1  0  0  0
 -1  0  0  1  0  1  1  0 -1  0
 -1  1  0  0 -1  1  0  0 -1  1
  1 -1 -1  1  1 -1 -1  1  0  0


4c
Row name:
GM1+@4c
GM1-@4c
GM2+@4c
GM2-@4c
GM3+@4c
GM3-@4c
GM4+@4c
GM4-@4c
Column name:
GM1@8g
GM2@8g
GM3@8g
GM3@8g
GM4@8g
GM4@8g
GM1@8i
GM2@8i
GM3@8i
GM4@8i
GM1@8j
GM2@8j
GM3@8j
GM4@8j
GM1@16l
GM2@16l
GM1@16n
GM1@16n
GM2@16n
GM2@16n
GM1@32o
GM1@32o
GM1@32o
C matrix before Smith
  1  0  0  0  0  0  1  0  0  0  1  0  0  0  1  0  1  1  0  0  1  1  1
  0  1  0  0  0  0  0  1  0  0  0  1  0  0  0  1  0  0  1  1  1  1  1
  0  1  0  0  0  0  0  0  1  0  0  0  1  0  1  0  0  0  1  1  1  1  1
  1  0  0  0  0  0  0  0  0  1  0  0  0  1  0  1  1  1  0  0  1  1  1
  0  0  1  0  1  0  0  0  0  1  0  1  0  0  0  1  1  0  1  0  2  1  0
  0  0  0  1  0  1  0  0  1  0  1  0  0  0  1  0  0  1  0  1  0  1  2
  0  0  0  1  0  1  0  1  0  0  0  0  0  1  0  1  0  1  0  1  0  1  2
  0  0  1  0  1  0  1  0  0  0  0  0  1  0  1  0  1  0  1  0  2  1  0
C matrix after Smith
  1  0  0  0  0  0  0  0  0  0  0  0  0  0  0  0  0  0  0  0  0  0  0
  0  1  0  0  0  0  0  0  0  0  0  0  0  0  0  0  0  0  0  0  0  0  0
  0  0  1  0  0  0  0  0  0  0  0  0  0  0  0  0  0  0  0  0  0  0  0
  0  0  0  1  0  0  0  0  0  0  0  0  0  0  0  0  0  0  0  0  0  0  0
  0  0  0  0  1  0  0  0  0  0  0  0  0  0  0  0  0  0  0  0  0  0  0
  0  0  0  0  0  1  0  0  0  0  0  0  0  0  0  0  0  0  0  0  0  0  0
  0  0  0  0  0  0  1  0  0  0  0  0  0  0  0  0  0  0  0  0  0  0  0
  0  0  0  0  0  0  0  0  0  0  0  0  0  0  0  0  0  0  0  0  0  0  0
L matrix
  1  0  0  0  0  0  0  0
 -1  1  0  0  0  0  0  0
  0  1 -1  0  0  0  0  0
 -1 -1  1  1  0  0  0  0
  0 -1  1  0  1  0  0  0
 -2  0  0  0  0  1  0  0
  1  0  0 -1  0 -1  1  0
 -1  1 -1  1 -1  1 -1  1


4d
Row name:
GM1@4d
GM2@4d
GM3@4d
GM4@4d
GM5@4d
Column name:
GM1@8g
GM2@8g
GM3@8g
GM4@8g
GM1@16k
GM2@16k
GM1@16n
GM2@16n
GM1@32o
C matrix before Smith
  1  0  0  0  1  0  1  0  1
  1  0  0  0  0  1  1  0  1
  0  1  0  0  0  1  0  1  1
  0  1  0  0  1  0  0  1  1
  0  0  1  1  1  1  1  1  2
C matrix after Smith
  1  0  0  0  0  0  0  0  0
  0  1  0  0  0  0  0  0  0
  0  0  1  0  0  0  0  0  0
  0  0  0  1  0  0  0  0  0
  0  0  0  0  0  0  0  0  0
L matrix
  1  0  0  0  0
 -1  1  0  0  0
  0 -1  1  0  0
 -1 -1  0  0  1
 -1  1 -1  1  0


8f
Row name:
GM1+@8f
GM1-@8f
GM2+@8f
GM2-@8f
Column name:
GM1@16k
GM2@16k
GM1@16m
GM2@16m
GM1@32o
C matrix before Smith
  1  0  1  0  1
  1  0  0  1  1
  0  1  0  1  1
  0  1  1  0  1
C matrix after Smith
  1  0  0  0  0
  0  1  0  0  0
  0  0  1  0  0
  0  0  0  0  0
L matrix
  1  0  0  0
 -1  1  0  0
  1 -1  1  0
 -1  1 -1  1


END