1a
Row name:
GM1+@1a
GM1-@1a
GM2+@1a&GM3+@1a
GM2-@1a&GM3-@1a
GM4+@1a
GM4-@1a
Column name:
GM1@6e
GM2@6e
GM3@6e
GM4@6e
GM1@8i
GM2@8i&GM3@8i
GM1@12j
GM2@12j
GM1@24l
C matrix before Smith
  1  0  0  0  1  0  1  0  1
  0  1  0  0  1  0  0  1  1
  1  0  0  0  0  1  1  0  1
  0  1  0  0  0  1  0  1  1
  0  1  1  1  1  2  1  2  3
  1  0  1  1  1  2  2  1  3
C matrix after Smith
  1  0  0  0  0  0  0  0  0
  0  1  0  0  0  0  0  0  0
  0  0  1  0  0  0  0  0  0
  0  0  0  1  0  0  0  0  0
  0  0  0  0  0  0  0  0  0
  0  0  0  0  0  0  0  0  0
L matrix
  1  0  0  0  0  0
 -1  1  0  0  0  0
 -1  0  1  0  0  0
  0 -1 -2  0  1  0
 -1  1  0  0 -1  1
  1 -1 -1  1  0  0


1b
Row name:
GM1+@1b
GM1-@1b
GM2+@1b&GM3+@1b
GM2-@1b&GM3-@1b
GM4+@1b
GM4-@1b
Column name:
GM1@6h
GM2@6h
GM3@6h
GM4@6h
GM1@8i
GM2@8i&GM3@8i
GM1@12k
GM2@12k
GM1@24l
C matrix before Smith
  1  0  0  0  1  0  1  0  1
  0  1  0  0  1  0  0  1  1
  1  0  0  0  0  1  1  0  1
  0  1  0  0  0  1  0  1  1
  0  1  1  1  1  2  1  2  3
  1  0  1  1  1  2  2  1  3
C matrix after Smith
  1  0  0  0  0  0  0  0  0
  0  1  0  0  0  0  0  0  0
  0  0  1  0  0  0  0  0  0
  0  0  0  1  0  0  0  0  0
  0  0  0  0  0  0  0  0  0
  0  0  0  0  0  0  0  0  0
L matrix
  1  0  0  0  0  0
 -1  1  0  0  0  0
 -1  0  1  0  0  0
  0 -1 -2  0  1  0
 -1  1  0  0 -1  1
  1 -1 -1  1  0  0


3c
Row name:
GM1+@3c
GM1-@3c
GM2+@3c
GM2-@3c
GM3+@3c
GM3-@3c
GM4+@3c
GM4-@3c
Column name:
GM1@6f
GM2@6f
GM3@6f
GM4@6f
GM1@6g
GM2@6g
GM3@6g
GM4@6g
GM1@6h
GM2@6h
GM3@6h
GM3@6h
GM4@6h
GM4@6h
GM1@12j
GM2@12j
GM1@12k
GM1@12k
GM2@12k
GM2@12k
GM1@24l
GM1@24l
GM1@24l
C matrix before Smith
  1  0  0  0  1  0  0  0  1  0  0  0  0  0  1  0  1  1  0  0  1  1  1
  0  1  0  0  0  1  0  0  0  1  0  0  0  0  0  1  0  0  1  1  1  1  1
  0  1  0  0  0  0  0  1  0  0  0  1  0  1  0  1  0  1  0  1  0  1  2
  1  0  0  0  0  0  1  0  0  0  1  0  1  0  1  0  1  0  1  0  2  1  0
  0  0  0  1  0  0  1  0  0  1  0  0  0  0  1  0  0  0  1  1  1  1  1
  0  0  1  0  0  0  0  1  1  0  0  0  0  0  0  1  1  1  0  0  1  1  1
  0  0  1  0  0  1  0  0  0  0  1  0  1  0  0  1  1  0  1  0  2  1  0
  0  0  0  1  1  0  0  0  0  0  0  1  0  1  1  0  0  1  0  1  0  1  2
C matrix after Smith
  1  0  0  0  0  0  0  0  0  0  0  0  0  0  0  0  0  0  0  0  0  0  0
  0  1  0  0  0  0  0  0  0  0  0  0  0  0  0  0  0  0  0  0  0  0  0
  0  0  1  0  0  0  0  0  0  0  0  0  0  0  0  0  0  0  0  0  0  0  0
  0  0  0  1  0  0  0  0  0  0  0  0  0  0  0  0  0  0  0  0  0  0  0
  0  0  0  0  1  0  0  0  0  0  0  0  0  0  0  0  0  0  0  0  0  0  0
  0  0  0  0  0  1  0  0  0  0  0  0  0  0  0  0  0  0  0  0  0  0  0
  0  0  0  0  0  0  1  0  0  0  0  0  0  0  0  0  0  0  0  0  0  0  0
  0  0  0  0  0  0  0  0  0  0  0  0  0  0  0  0  0  0  0  0  0  0  0
L matrix
  1  0  0  0  0  0  0  0
 -1  1  0  0  0  0  0  0
  1  1 -1  0  0  0  0  0
 -1 -1  1  1  0  0  0  0
  1  0  0 -1 -1  0  0  0
  0  0  0  0 -1  1  0  0
  0  0  0  0  1 -1  1  0
 -1  1 -1  1 -1  1 -1  1


3d
Row name:
GM1+@3d
GM1-@3d
GM2+@3d
GM2-@3d
GM3+@3d
GM3-@3d
GM4+@3d
GM4-@3d
Column name:
GM1@6e
GM2@6e
GM3@6e
GM3@6e
GM4@6e
GM4@6e
GM1@6f
GM2@6f
GM3@6f
GM4@6f
GM1@6g
GM2@6g
GM3@6g
GM4@6g
GM1@12j
GM1@12j
GM2@12j
GM2@12j
GM1@12k
GM2@12k
GM1@24l
GM1@24l
GM1@24l
C matrix before Smith
  1  0  0  0  0  0  1  0  0  0  1  0  0  0  1  1  0  0  1  0  1  1  1
  0  1  0  0  0  0  0  1  0  0  0  1  0  0  0  0  1  1  0  1  1  1  1
  0  0  0  1  0  1  0  0  0  1  0  1  0  0  0  1  0  1  0  1  0  2  1
  0  0  1  0  1  0  0  0  1  0  1  0  0  0  1  0  1  0  1  0  2  0  1
  0  1  0  0  0  0  0  0  1  0  0  0  0  1  0  0  1  1  1  0  1  1  1
  1  0  0  0  0  0  0  0  0  1  0  0  1  0  1  1  0  0  0  1  1  1  1
  0  0  1  0  1  0  0  1  0  0  0  0  1  0  1  0  1  0  0  1  2  0  1
  0  0  0  1  0  1  1  0  0  0  0  0  0  1  0  1  0  1  1  0  0  2  1
C matrix after Smith
  1  0  0  0  0  0  0  0  0  0  0  0  0  0  0  0  0  0  0  0  0  0  0
  0  1  0  0  0  0  0  0  0  0  0  0  0  0  0  0  0  0  0  0  0  0  0
  0  0  1  0  0  0  0  0  0  0  0  0  0  0  0  0  0  0  0  0  0  0  0
  0  0  0  1  0  0  0  0  0  0  0  0  0  0  0  0  0  0  0  0  0  0  0
  0  0  0  0  1  0  0  0  0  0  0  0  0  0  0  0  0  0  0  0  0  0  0
  0  0  0  0  0  1  0  0  0  0  0  0  0  0  0  0  0  0  0  0  0  0  0
  0  0  0  0  0  0  1  0  0  0  0  0  0  0  0  0  0  0  0  0  0  0  0
  0  0  0  0  0  0  0  0  0  0  0  0  0  0  0  0  0  0  0  0  0  0  0
L matrix
  1  0  0  0  0  0  0  0
  0  1  0  0  0  0  0  0
  0  0  1  0  0  0  0  0
  0  0  0  1  0  0  0  0
  0 -1  1  0  1  0  0  0
 -1 -1  0  0  1  1  0  0
  1  0  0 -1  0 -1  1  0
 -1  1 -1  1 -1  1 -1  1


END