1a
Row name:
GM1+@1a
GM1-@1a
GM2+@1a
GM2-@1a
GM3+@1a
GM3-@1a
GM4+@1a
GM4-@1a
GM5+@1a
GM5-@1a
Column name:
GM1@6e
GM2@6e
GM3@6e
GM4@6e
GM5@6e
GM1@8g
GM2@8g
GM3@8g
GM1@12i
GM2@12i
GM3@12i
GM4@12i
GM1@24k
GM2@24k
GM1@24m
GM2@24m
GM1@48n
C matrix before Smith
  1  0  0  0  0  1  0  0  1  0  0  0  1  0  1  0  1
  0  0  0  1  0  0  1  0  0  1  0  0  0  1  0  1  1
  0  1  0  0  0  0  1  0  0  0  0  1  1  0  0  1  1
  0  0  1  0  0  1  0  0  0  0  1  0  0  1  1  0  1
  1  1  0  0  0  0  0  1  1  0  0  1  2  0  1  1  2
  0  0  1  1  0  0  0  1  0  1  1  0  0  2  1  1  2
  0  0  0  1  1  0  1  1  0  1  1  1  1  2  1  2  3
  1  0  0  0  1  1  0  1  1  0  1  1  2  1  2  1  3
  0  0  1  0  1  1  0  1  1  1  1  0  1  2  2  1  3
  0  1  0  0  1  0  1  1  1  1  0  1  2  1  1  2  3
C matrix after Smith
  1  0  0  0  0  0  0  0  0  0  0  0  0  0  0  0  0
  0  1  0  0  0  0  0  0  0  0  0  0  0  0  0  0  0
  0  0  1  0  0  0  0  0  0  0  0  0  0  0  0  0  0
  0  0  0  1  0  0  0  0  0  0  0  0  0  0  0  0  0
  0  0  0  0  1  0  0  0  0  0  0  0  0  0  0  0  0
  0  0  0  0  0  1  0  0  0  0  0  0  0  0  0  0  0
  0  0  0  0  0  0  1  0  0  0  0  0  0  0  0  0  0
  0  0  0  0  0  0  0  0  0  0  0  0  0  0  0  0  0
  0  0  0  0  0  0  0  0  0  0  0  0  0  0  0  0  0
  0  0  0  0  0  0  0  0  0  0  0  0  0  0  0  0  0
L matrix
  1  0  0  0  0  0  0  0  0  0
  1 -1  0  0  0  0  0  0  0  0
  0 -1  1  0  0  0  0  0  0  0
 -1  0  0  1  0  0  0  0  0  0
 -1  0 -1  0  1  0  0  0  0  0
  0  1 -1  1  1  0  0  0 -1  0
  0 -1  0  1  0  0  1  0 -1  0
 -1  1  0  0  0  0 -1  1  0  0
  0  0 -1  1  0  0  0  0 -1  1
  1 -1  1 -1 -1  1  0  0  0  0


1b
Row name:
GM1+@1b
GM1-@1b
GM2+@1b
GM2-@1b
GM3+@1b
GM3-@1b
GM4+@1b
GM4-@1b
GM5+@1b
GM5-@1b
Column name:
GM1@6f
GM2@6f
GM3@6f
GM4@6f
GM5@6f
GM1@8g
GM2@8g
GM3@8g
GM1@12j
GM2@12j
GM3@12j
GM4@12j
GM1@24l
GM2@24l
GM1@24m
GM2@24m
GM1@48n
C matrix before Smith
  1  0  0  0  0  1  0  0  1  0  0  0  1  0  1  0  1
  0  0  0  1  0  0  1  0  0  1  0  0  0  1  0  1  1
  0  1  0  0  0  0  1  0  0  0  0  1  1  0  0  1  1
  0  0  1  0  0  1  0  0  0  0  1  0  0  1  1  0  1
  1  1  0  0  0  0  0  1  1  0  0  1  2  0  1  1  2
  0  0  1  1  0  0  0  1  0  1  1  0  0  2  1  1  2
  0  0  0  1  1  0  1  1  0  1  1  1  1  2  1  2  3
  1  0  0  0  1  1  0  1  1  0  1  1  2  1  2  1  3
  0  0  1  0  1  1  0  1  1  1  1  0  1  2  2  1  3
  0  1  0  0  1  0  1  1  1  1  0  1  2  1  1  2  3
C matrix after Smith
  1  0  0  0  0  0  0  0  0  0  0  0  0  0  0  0  0
  0  1  0  0  0  0  0  0  0  0  0  0  0  0  0  0  0
  0  0  1  0  0  0  0  0  0  0  0  0  0  0  0  0  0
  0  0  0  1  0  0  0  0  0  0  0  0  0  0  0  0  0
  0  0  0  0  1  0  0  0  0  0  0  0  0  0  0  0  0
  0  0  0  0  0  1  0  0  0  0  0  0  0  0  0  0  0
  0  0  0  0  0  0  1  0  0  0  0  0  0  0  0  0  0
  0  0  0  0  0  0  0  0  0  0  0  0  0  0  0  0  0
  0  0  0  0  0  0  0  0  0  0  0  0  0  0  0  0  0
  0  0  0  0  0  0  0  0  0  0  0  0  0  0  0  0  0
L matrix
  1  0  0  0  0  0  0  0  0  0
  1 -1  0  0  0  0  0  0  0  0
  0 -1  1  0  0  0  0  0  0  0
 -1  0  0  1  0  0  0  0  0  0
 -1  0 -1  0  1  0  0  0  0  0
  0  1 -1  1  1  0  0  0 -1  0
  0 -1  0  1  0  0  1  0 -1  0
 -1  1  0  0  0  0 -1  1  0  0
  0  0 -1  1  0  0  0  0 -1  1
  1 -1  1 -1 -1  1  0  0  0  0


3c
Row name:
GM1+@3c
GM1-@3c
GM2+@3c
GM2-@3c
GM3+@3c
GM3-@3c
GM4+@3c
GM4-@3c
GM5+@3c
GM5-@3c
Column name:
GM1@6f
GM2@6f
GM3@6f
GM4@6f
GM5@6f
GM1@12h
GM2@12h
GM3@12h
GM4@12h
GM1@12i
GM2@12i
GM3@12i
GM4@12i
GM1@24k
GM2@24k
GM1@24l
GM2@24l
GM1@24m
GM2@24m
GM1@48n
C matrix before Smith
  1  0  0  0  0  1  0  0  0  1  0  0  0  1  0  1  0  1  0  1
  0  0  0  1  0  0  1  0  0  0  1  0  0  0  1  0  1  0  1  1
  0  1  0  0  0  1  0  0  0  0  0  0  1  1  0  1  0  0  1  1
  0  0  1  0  0  0  1  0  0  0  0  1  0  0  1  0  1  1  0  1
  0  0  0  1  0  0  0  1  0  0  0  0  1  1  0  0  1  0  1  1
  1  0  0  0  0  0  0  0  1  0  0  1  0  0  1  1  0  1  0  1
  0  0  1  0  0  0  0  1  0  1  0  0  0  1  0  0  1  1  0  1
  0  1  0  0  0  0  0  0  1  0  1  0  0  0  1  1  0  0  1  1
  0  0  0  0  1  0  1  0  1  0  1  1  0  0  2  1  1  1  1  2
  0  0  0  0  1  1  0  1  0  1  0  0  1  2  0  1  1  1  1  2
C matrix after Smith
  1  0  0  0  0  0  0  0  0  0  0  0  0  0  0  0  0  0  0  0
  0  1  0  0  0  0  0  0  0  0  0  0  0  0  0  0  0  0  0  0
  0  0  1  0  0  0  0  0  0  0  0  0  0  0  0  0  0  0  0  0
  0  0  0  1  0  0  0  0  0  0  0  0  0  0  0  0  0  0  0  0
  0  0  0  0  1  0  0  0  0  0  0  0  0  0  0  0  0  0  0  0
  0  0  0  0  0  1  0  0  0  0  0  0  0  0  0  0  0  0  0  0
  0  0  0  0  0  0  1  0  0  0  0  0  0  0  0  0  0  0  0  0
  0  0  0  0  0  0  0  1  0  0  0  0  0  0  0  0  0  0  0  0
  0  0  0  0  0  0  0  0  0  0  0  0  0  0  0  0  0  0  0  0
  0  0  0  0  0  0  0  0  0  0  0  0  0  0  0  0  0  0  0  0
L matrix
  1  0  0  0  0  0  0  0  0  0
  1 -1  0  0  0  0  0  0  0  0
  0 -1  1  0  0  0  0  0  0  0
  0  1  0 -1  0  0  0  0  0  0
  0  1  0  0 -1  0  0  0  0  0
  1  1  0  0 -1 -1  0  0  0  0
  0 -1  0  1  1  0 -1  0  0  0
  0  0  0  2  0  0  0  0 -1  0
 -1  1  0  0 -1  1  0  0 -1  1
  1 -1 -1  1  1 -1 -1  1  0  0


3d
Row name:
GM1+@3d
GM1-@3d
GM2+@3d
GM2-@3d
GM3+@3d
GM3-@3d
GM4+@3d
GM4-@3d
GM5+@3d
GM5-@3d
Column name:
GM1@6e
GM2@6e
GM3@6e
GM4@6e
GM5@6e
GM1@12h
GM2@12h
GM3@12h
GM4@12h
GM1@12j
GM2@12j
GM3@12j
GM4@12j
GM1@24k
GM2@24k
GM1@24l
GM2@24l
GM1@24m
GM2@24m
GM1@48n
C matrix before Smith
  1  0  0  0  0  1  0  0  0  1  0  0  0  1  0  1  0  1  0  1
  0  0  0  1  0  0  1  0  0  0  1  0  0  0  1  0  1  0  1  1
  0  1  0  0  0  1  0  0  0  0  0  0  1  1  0  1  0  0  1  1
  0  0  1  0  0  0  1  0  0  0  0  1  0  0  1  0  1  1  0  1
  0  0  0  1  0  0  0  0  1  0  0  0  1  0  1  1  0  0  1  1
  1  0  0  0  0  0  0  1  0  0  0  1  0  1  0  0  1  1  0  1
  0  0  1  0  0  0  0  0  1  1  0  0  0  0  1  1  0  1  0  1
  0  1  0  0  0  0  0  1  0  0  1  0  0  1  0  0  1  0  1  1
  0  0  0  0  1  0  1  1  0  0  1  1  0  1  1  0  2  1  1  2
  0  0  0  0  1  1  0  0  1  1  0  0  1  1  1  2  0  1  1  2
C matrix after Smith
  1  0  0  0  0  0  0  0  0  0  0  0  0  0  0  0  0  0  0  0
  0  1  0  0  0  0  0  0  0  0  0  0  0  0  0  0  0  0  0  0
  0  0  1  0  0  0  0  0  0  0  0  0  0  0  0  0  0  0  0  0
  0  0  0  1  0  0  0  0  0  0  0  0  0  0  0  0  0  0  0  0
  0  0  0  0  1  0  0  0  0  0  0  0  0  0  0  0  0  0  0  0
  0  0  0  0  0  1  0  0  0  0  0  0  0  0  0  0  0  0  0  0
  0  0  0  0  0  0  1  0  0  0  0  0  0  0  0  0  0  0  0  0
  0  0  0  0  0  0  0  1  0  0  0  0  0  0  0  0  0  0  0  0
  0  0  0  0  0  0  0  0  0  0  0  0  0  0  0  0  0  0  0  0
  0  0  0  0  0  0  0  0  0  0  0  0  0  0  0  0  0  0  0  0
L matrix
  1  0  0  0  0  0  0  0  0  0
  1 -1  0  0  0  0  0  0  0  0
  0 -1  1  0  0  0  0  0  0  0
  0  1  0 -1  0  0  0  0  0  0
  0  1  0  0 -1  0  0  0  0  0
  1  1  0  0 -1 -1  0  0  0  0
  0 -1  0  1  1  0 -1  0  0  0
  0  0  0 -2  0  0  0  0  1  0
 -1  1  0  0 -1  1  0  0 -1  1
  1 -1 -1  1  1 -1 -1  1  0  0


END