1a
Row name:
GM1+@1a
GM1-@1a
GM2+@1a
GM2-@1a
GM3+@1a
GM3-@1a
GM4+@1a
GM4-@1a
Column name:
GM1@2i
GM2@2i
GM3@2i
GM4@2i
GM1@2m
GM2@2m
GM3@2m
GM4@2m
GM1@2q
GM2@2q
GM3@2q
GM4@2q
GM1@4u
GM2@4u
GM1@4w
GM2@4w
GM1@4y
GM2@4y
GM1@8A
C matrix before Smith
  1  0  0  0  1  0  0  0  1  0  0  0  1  0  1  0  1  0  1
  0  1  0  0  0  1  0  0  0  1  0  0  0  1  0  1  0  1  1
  0  0  1  0  0  0  0  1  0  1  0  0  0  1  0  1  1  0  1
  0  0  0  1  0  0  1  0  1  0  0  0  1  0  1  0  0  1  1
  0  1  0  0  0  0  1  0  0  0  1  0  1  0  0  1  0  1  1
  1  0  0  0  0  0  0  1  0  0  0  1  0  1  1  0  1  0  1
  0  0  0  1  0  1  0  0  0  0  0  1  0  1  1  0  0  1  1
  0  0  1  0  1  0  0  0  0  0  1  0  1  0  0  1  1  0  1
C matrix after Smith
  1  0  0  0  0  0  0  0  0  0  0  0  0  0  0  0  0  0  0
  0  1  0  0  0  0  0  0  0  0  0  0  0  0  0  0  0  0  0
  0  0  1  0  0  0  0  0  0  0  0  0  0  0  0  0  0  0  0
  0  0  0  1  0  0  0  0  0  0  0  0  0  0  0  0  0  0  0
  0  0  0  0  1  0  0  0  0  0  0  0  0  0  0  0  0  0  0
  0  0  0  0  0  1  0  0  0  0  0  0  0  0  0  0  0  0  0
  0  0  0  0  0  0  1  0  0  0  0  0  0  0  0  0  0  0  0
  0  0  0  0  0  0  0  0  0  0  0  0  0  0  0  0  0  0  0
L matrix
  1  0  0  0  0  0  0  0
  0  1  0  0  0  0  0  0
  0  0  1  0  0  0  0  0
  0  0  0  1  0  0  0  0
  0 -1  0  0  1  0  0  0
  1  1  0  0 -1 -1  0  0
  0 -1  0 -1  1  0  1  0
 -1  1 -1  1 -1  1 -1  1


1b
Row name:
GM1+@1b
GM1-@1b
GM2+@1b
GM2-@1b
GM3+@1b
GM3-@1b
GM4+@1b
GM4-@1b
Column name:
GM1@2i
GM2@2i
GM3@2i
GM4@2i
GM1@2o
GM2@2o
GM3@2o
GM4@2o
GM1@2s
GM2@2s
GM3@2s
GM4@2s
GM1@4v
GM2@4v
GM1@4w
GM2@4w
GM1@4y
GM2@4y
GM1@8A
C matrix before Smith
  1  0  0  0  1  0  0  0  1  0  0  0  1  0  1  0  1  0  1
  0  1  0  0  0  1  0  0  0  1  0  0  0  1  0  1  0  1  1
  0  0  1  0  0  0  0  1  0  1  0  0  0  1  0  1  1  0  1
  0  0  0  1  0  0  1  0  1  0  0  0  1  0  1  0  0  1  1
  0  1  0  0  0  0  1  0  0  0  1  0  1  0  0  1  0  1  1
  1  0  0  0  0  0  0  1  0  0  0  1  0  1  1  0  1  0  1
  0  0  0  1  0  1  0  0  0  0  0  1  0  1  1  0  0  1  1
  0  0  1  0  1  0  0  0  0  0  1  0  1  0  0  1  1  0  1
C matrix after Smith
  1  0  0  0  0  0  0  0  0  0  0  0  0  0  0  0  0  0  0
  0  1  0  0  0  0  0  0  0  0  0  0  0  0  0  0  0  0  0
  0  0  1  0  0  0  0  0  0  0  0  0  0  0  0  0  0  0  0
  0  0  0  1  0  0  0  0  0  0  0  0  0  0  0  0  0  0  0
  0  0  0  0  1  0  0  0  0  0  0  0  0  0  0  0  0  0  0
  0  0  0  0  0  1  0  0  0  0  0  0  0  0  0  0  0  0  0
  0  0  0  0  0  0  1  0  0  0  0  0  0  0  0  0  0  0  0
  0  0  0  0  0  0  0  0  0  0  0  0  0  0  0  0  0  0  0
L matrix
  1  0  0  0  0  0  0  0
  0  1  0  0  0  0  0  0
  0  0  1  0  0  0  0  0
  0  0  0  1  0  0  0  0
  0 -1  0  0  1  0  0  0
  1  1  0  0 -1 -1  0  0
  0 -1  0 -1  1  0  1  0
 -1  1 -1  1 -1  1 -1  1


1c
Row name:
GM1+@1c
GM1-@1c
GM2+@1c
GM2-@1c
GM3+@1c
GM3-@1c
GM4+@1c
GM4-@1c
Column name:
GM1@2j
GM2@2j
GM3@2j
GM4@2j
GM1@2n
GM2@2n
GM3@2n
GM4@2n
GM1@2q
GM2@2q
GM3@2q
GM4@2q
GM1@4u
GM2@4u
GM1@4w
GM2@4w
GM1@4z
GM2@4z
GM1@8A
C matrix before Smith
  1  0  0  0  1  0  0  0  1  0  0  0  1  0  1  0  1  0  1
  0  1  0  0  0  1  0  0  0  1  0  0  0  1  0  1  0  1  1
  0  0  1  0  0  0  0  1  0  1  0  0  0  1  0  1  1  0  1
  0  0  0  1  0  0  1  0  1  0  0  0  1  0  1  0  0  1  1
  0  1  0  0  0  0  1  0  0  0  1  0  1  0  0  1  0  1  1
  1  0  0  0  0  0  0  1  0  0  0  1  0  1  1  0  1  0  1
  0  0  0  1  0  1  0  0  0  0  0  1  0  1  1  0  0  1  1
  0  0  1  0  1  0  0  0  0  0  1  0  1  0  0  1  1  0  1
C matrix after Smith
  1  0  0  0  0  0  0  0  0  0  0  0  0  0  0  0  0  0  0
  0  1  0  0  0  0  0  0  0  0  0  0  0  0  0  0  0  0  0
  0  0  1  0  0  0  0  0  0  0  0  0  0  0  0  0  0  0  0
  0  0  0  1  0  0  0  0  0  0  0  0  0  0  0  0  0  0  0
  0  0  0  0  1  0  0  0  0  0  0  0  0  0  0  0  0  0  0
  0  0  0  0  0  1  0  0  0  0  0  0  0  0  0  0  0  0  0
  0  0  0  0  0  0  1  0  0  0  0  0  0  0  0  0  0  0  0
  0  0  0  0  0  0  0  0  0  0  0  0  0  0  0  0  0  0  0
L matrix
  1  0  0  0  0  0  0  0
  0  1  0  0  0  0  0  0
  0  0  1  0  0  0  0  0
  0  0  0  1  0  0  0  0
  0 -1  0  0  1  0  0  0
  1  1  0  0 -1 -1  0  0
  0 -1  0 -1  1  0  1  0
 -1  1 -1  1 -1  1 -1  1


1d
Row name:
GM1+@1d
GM1-@1d
GM2+@1d
GM2-@1d
GM3+@1d
GM3-@1d
GM4+@1d
GM4-@1d
Column name:
GM1@2j
GM2@2j
GM3@2j
GM4@2j
GM1@2p
GM2@2p
GM3@2p
GM4@2p
GM1@2s
GM2@2s
GM3@2s
GM4@2s
GM1@4v
GM2@4v
GM1@4w
GM2@4w
GM1@4z
GM2@4z
GM1@8A
C matrix before Smith
  1  0  0  0  1  0  0  0  1  0  0  0  1  0  1  0  1  0  1
  0  1  0  0  0  1  0  0  0  1  0  0  0  1  0  1  0  1  1
  0  0  1  0  0  0  0  1  0  1  0  0  0  1  0  1  1  0  1
  0  0  0  1  0  0  1  0  1  0  0  0  1  0  1  0  0  1  1
  0  1  0  0  0  0  1  0  0  0  1  0  1  0  0  1  0  1  1
  1  0  0  0  0  0  0  1  0  0  0  1  0  1  1  0  1  0  1
  0  0  0  1  0  1  0  0  0  0  0  1  0  1  1  0  0  1  1
  0  0  1  0  1  0  0  0  0  0  1  0  1  0  0  1  1  0  1
C matrix after Smith
  1  0  0  0  0  0  0  0  0  0  0  0  0  0  0  0  0  0  0
  0  1  0  0  0  0  0  0  0  0  0  0  0  0  0  0  0  0  0
  0  0  1  0  0  0  0  0  0  0  0  0  0  0  0  0  0  0  0
  0  0  0  1  0  0  0  0  0  0  0  0  0  0  0  0  0  0  0
  0  0  0  0  1  0  0  0  0  0  0  0  0  0  0  0  0  0  0
  0  0  0  0  0  1  0  0  0  0  0  0  0  0  0  0  0  0  0
  0  0  0  0  0  0  1  0  0  0  0  0  0  0  0  0  0  0  0
  0  0  0  0  0  0  0  0  0  0  0  0  0  0  0  0  0  0  0
L matrix
  1  0  0  0  0  0  0  0
  0  1  0  0  0  0  0  0
  0  0  1  0  0  0  0  0
  0  0  0  1  0  0  0  0
  0 -1  0  0  1  0  0  0
  1  1  0  0 -1 -1  0  0
  0 -1  0 -1  1  0  1  0
 -1  1 -1  1 -1  1 -1  1


1e
Row name:
GM1+@1e
GM1-@1e
GM2+@1e
GM2-@1e
GM3+@1e
GM3-@1e
GM4+@1e
GM4-@1e
Column name:
GM1@2k
GM2@2k
GM3@2k
GM4@2k
GM1@2m
GM2@2m
GM3@2m
GM4@2m
GM1@2r
GM2@2r
GM3@2r
GM4@2r
GM1@4u
GM2@4u
GM1@4x
GM2@4x
GM1@4y
GM2@4y
GM1@8A
C matrix before Smith
  1  0  0  0  1  0  0  0  1  0  0  0  1  0  1  0  1  0  1
  0  1  0  0  0  1  0  0  0  1  0  0  0  1  0  1  0  1  1
  0  0  1  0  0  0  0  1  0  1  0  0  0  1  0  1  1  0  1
  0  0  0  1  0  0  1  0  1  0  0  0  1  0  1  0  0  1  1
  0  1  0  0  0  0  1  0  0  0  1  0  1  0  0  1  0  1  1
  1  0  0  0  0  0  0  1  0  0  0  1  0  1  1  0  1  0  1
  0  0  0  1  0  1  0  0  0  0  0  1  0  1  1  0  0  1  1
  0  0  1  0  1  0  0  0  0  0  1  0  1  0  0  1  1  0  1
C matrix after Smith
  1  0  0  0  0  0  0  0  0  0  0  0  0  0  0  0  0  0  0
  0  1  0  0  0  0  0  0  0  0  0  0  0  0  0  0  0  0  0
  0  0  1  0  0  0  0  0  0  0  0  0  0  0  0  0  0  0  0
  0  0  0  1  0  0  0  0  0  0  0  0  0  0  0  0  0  0  0
  0  0  0  0  1  0  0  0  0  0  0  0  0  0  0  0  0  0  0
  0  0  0  0  0  1  0  0  0  0  0  0  0  0  0  0  0  0  0
  0  0  0  0  0  0  1  0  0  0  0  0  0  0  0  0  0  0  0
  0  0  0  0  0  0  0  0  0  0  0  0  0  0  0  0  0  0  0
L matrix
  1  0  0  0  0  0  0  0
  0  1  0  0  0  0  0  0
  0  0  1  0  0  0  0  0
  0  0  0  1  0  0  0  0
  0 -1  0  0  1  0  0  0
  1  1  0  0 -1 -1  0  0
  0 -1  0 -1  1  0  1  0
 -1  1 -1  1 -1  1 -1  1


1f
Row name:
GM1+@1f
GM1-@1f
GM2+@1f
GM2-@1f
GM3+@1f
GM3-@1f
GM4+@1f
GM4-@1f
Column name:
GM1@2k
GM2@2k
GM3@2k
GM4@2k
GM1@2o
GM2@2o
GM3@2o
GM4@2o
GM1@2t
GM2@2t
GM3@2t
GM4@2t
GM1@4v
GM2@4v
GM1@4x
GM2@4x
GM1@4y
GM2@4y
GM1@8A
C matrix before Smith
  1  0  0  0  1  0  0  0  1  0  0  0  1  0  1  0  1  0  1
  0  1  0  0  0  1  0  0  0  1  0  0  0  1  0  1  0  1  1
  0  0  1  0  0  0  0  1  0  1  0  0  0  1  0  1  1  0  1
  0  0  0  1  0  0  1  0  1  0  0  0  1  0  1  0  0  1  1
  0  1  0  0  0  0  1  0  0  0  1  0  1  0  0  1  0  1  1
  1  0  0  0  0  0  0  1  0  0  0  1  0  1  1  0  1  0  1
  0  0  0  1  0  1  0  0  0  0  0  1  0  1  1  0  0  1  1
  0  0  1  0  1  0  0  0  0  0  1  0  1  0  0  1  1  0  1
C matrix after Smith
  1  0  0  0  0  0  0  0  0  0  0  0  0  0  0  0  0  0  0
  0  1  0  0  0  0  0  0  0  0  0  0  0  0  0  0  0  0  0
  0  0  1  0  0  0  0  0  0  0  0  0  0  0  0  0  0  0  0
  0  0  0  1  0  0  0  0  0  0  0  0  0  0  0  0  0  0  0
  0  0  0  0  1  0  0  0  0  0  0  0  0  0  0  0  0  0  0
  0  0  0  0  0  1  0  0  0  0  0  0  0  0  0  0  0  0  0
  0  0  0  0  0  0  1  0  0  0  0  0  0  0  0  0  0  0  0
  0  0  0  0  0  0  0  0  0  0  0  0  0  0  0  0  0  0  0
L matrix
  1  0  0  0  0  0  0  0
  0  1  0  0  0  0  0  0
  0  0  1  0  0  0  0  0
  0  0  0  1  0  0  0  0
  0 -1  0  0  1  0  0  0
  1  1  0  0 -1 -1  0  0
  0 -1  0 -1  1  0  1  0
 -1  1 -1  1 -1  1 -1  1


1g
Row name:
GM1+@1g
GM1-@1g
GM2+@1g
GM2-@1g
GM3+@1g
GM3-@1g
GM4+@1g
GM4-@1g
Column name:
GM1@2l
GM2@2l
GM3@2l
GM4@2l
GM1@2n
GM2@2n
GM3@2n
GM4@2n
GM1@2r
GM2@2r
GM3@2r
GM4@2r
GM1@4u
GM2@4u
GM1@4x
GM2@4x
GM1@4z
GM2@4z
GM1@8A
C matrix before Smith
  1  0  0  0  1  0  0  0  1  0  0  0  1  0  1  0  1  0  1
  0  1  0  0  0  1  0  0  0  1  0  0  0  1  0  1  0  1  1
  0  0  1  0  0  0  0  1  0  1  0  0  0  1  0  1  1  0  1
  0  0  0  1  0  0  1  0  1  0  0  0  1  0  1  0  0  1  1
  0  1  0  0  0  0  1  0  0  0  1  0  1  0  0  1  0  1  1
  1  0  0  0  0  0  0  1  0  0  0  1  0  1  1  0  1  0  1
  0  0  0  1  0  1  0  0  0  0  0  1  0  1  1  0  0  1  1
  0  0  1  0  1  0  0  0  0  0  1  0  1  0  0  1  1  0  1
C matrix after Smith
  1  0  0  0  0  0  0  0  0  0  0  0  0  0  0  0  0  0  0
  0  1  0  0  0  0  0  0  0  0  0  0  0  0  0  0  0  0  0
  0  0  1  0  0  0  0  0  0  0  0  0  0  0  0  0  0  0  0
  0  0  0  1  0  0  0  0  0  0  0  0  0  0  0  0  0  0  0
  0  0  0  0  1  0  0  0  0  0  0  0  0  0  0  0  0  0  0
  0  0  0  0  0  1  0  0  0  0  0  0  0  0  0  0  0  0  0
  0  0  0  0  0  0  1  0  0  0  0  0  0  0  0  0  0  0  0
  0  0  0  0  0  0  0  0  0  0  0  0  0  0  0  0  0  0  0
L matrix
  1  0  0  0  0  0  0  0
  0  1  0  0  0  0  0  0
  0  0  1  0  0  0  0  0
  0  0  0  1  0  0  0  0
  0 -1  0  0  1  0  0  0
  1  1  0  0 -1 -1  0  0
  0 -1  0 -1  1  0  1  0
 -1  1 -1  1 -1  1 -1  1


1h
Row name:
GM1+@1h
GM1-@1h
GM2+@1h
GM2-@1h
GM3+@1h
GM3-@1h
GM4+@1h
GM4-@1h
Column name:
GM1@2l
GM2@2l
GM3@2l
GM4@2l
GM1@2p
GM2@2p
GM3@2p
GM4@2p
GM1@2t
GM2@2t
GM3@2t
GM4@2t
GM1@4v
GM2@4v
GM1@4x
GM2@4x
GM1@4z
GM2@4z
GM1@8A
C matrix before Smith
  1  0  0  0  1  0  0  0  1  0  0  0  1  0  1  0  1  0  1
  0  1  0  0  0  1  0  0  0  1  0  0  0  1  0  1  0  1  1
  0  0  1  0  0  0  0  1  0  1  0  0  0  1  0  1  1  0  1
  0  0  0  1  0  0  1  0  1  0  0  0  1  0  1  0  0  1  1
  0  1  0  0  0  0  1  0  0  0  1  0  1  0  0  1  0  1  1
  1  0  0  0  0  0  0  1  0  0  0  1  0  1  1  0  1  0  1
  0  0  0  1  0  1  0  0  0  0  0  1  0  1  1  0  0  1  1
  0  0  1  0  1  0  0  0  0  0  1  0  1  0  0  1  1  0  1
C matrix after Smith
  1  0  0  0  0  0  0  0  0  0  0  0  0  0  0  0  0  0  0
  0  1  0  0  0  0  0  0  0  0  0  0  0  0  0  0  0  0  0
  0  0  1  0  0  0  0  0  0  0  0  0  0  0  0  0  0  0  0
  0  0  0  1  0  0  0  0  0  0  0  0  0  0  0  0  0  0  0
  0  0  0  0  1  0  0  0  0  0  0  0  0  0  0  0  0  0  0
  0  0  0  0  0  1  0  0  0  0  0  0  0  0  0  0  0  0  0
  0  0  0  0  0  0  1  0  0  0  0  0  0  0  0  0  0  0  0
  0  0  0  0  0  0  0  0  0  0  0  0  0  0  0  0  0  0  0
L matrix
  1  0  0  0  0  0  0  0
  0  1  0  0  0  0  0  0
  0  0  1  0  0  0  0  0
  0  0  0  1  0  0  0  0
  0 -1  0  0  1  0  0  0
  1  1  0  0 -1 -1  0  0
  0 -1  0 -1  1  0  1  0
 -1  1 -1  1 -1  1 -1  1


END